1
1
1
0
(8 0
((0,0,0) (31,31,31) (0,0,0))
((32,0,0) (63,31,31) (0,0,0))
((0,32,0) (31,63,31) (0,0,0))
((32,32,0) (63,63,31) (0,0,0))
((0,0,32) (31,31,63) (0,0,0))
((32,0,32) (63,31,63) (0,0,0))
((0,32,32) (31,63,63) (0,0,0))
((32,32,32) (63,63,63) (0,0,0))
)
8
FabOnDisk: Cell_D_00000 0
FabOnDisk: Cell_D_00000 262233
FabOnDisk: Cell_D_00000 524467
FabOnDisk: Cell_D_00000 786701
FabOnDisk: Cell_D_00000 1048936
FabOnDisk: Cell_D_00000 1311170
FabOnDisk: Cell_D_00000 1573405
FabOnDisk: Cell_D_00000 1835640

8,1
-2.52369074026626556e+01,
-2.59680258155479642e+01,
-2.59680258155479642e+01,
-2.59311250546901952e+01,
-2.59680258155479713e+01,
-2.59311250546901988e+01,
-2.59311250546901988e+01,
-2.73116155881658926e+01,

8,1
5.64354266497573747e+01,
5.72782770089863007e+01,
5.72782770089863007e+01,
5.75689052937022439e+01,
5.72782770089863007e+01,
5.75689052937022439e+01,
5.75689052937022439e+01,
6.42873304512836370e+01,

