1
1
1
0
(8 0
((0,0,0) (31,31,31) (0,0,0))
((32,0,0) (63,31,31) (0,0,0))
((0,32,0) (31,63,31) (0,0,0))
((32,32,0) (63,63,31) (0,0,0))
((0,0,32) (31,31,63) (0,0,0))
((32,0,32) (63,31,63) (0,0,0))
((0,32,32) (31,63,63) (0,0,0))
((32,32,32) (63,63,63) (0,0,0))
)
8
FabOnDisk: Cell_D_00000 0
FabOnDisk: Cell_D_00000 262233
FabOnDisk: Cell_D_00000 524467
FabOnDisk: Cell_D_00000 786701
FabOnDisk: Cell_D_00000 1048936
FabOnDisk: Cell_D_00000 1311170
FabOnDisk: Cell_D_00000 1573405
FabOnDisk: Cell_D_00000 1835640

8,1
-2.36468353065868137e-01,
-2.36468353065868137e-01,
-2.36468353065868137e-01,
-2.36468353065868137e-01,
-2.36468353065868137e-01,
-2.36468353065868137e-01,
-2.36468353065868137e-01,
-2.36468353065868137e-01,

8,1
6.02493756850306816e-01,
6.02493756850306816e-01,
6.02493756850306816e-01,
6.02493756850306816e-01,
6.02493756850306816e-01,
6.02493756850306816e-01,
6.02493756850306816e-01,
6.02493756850306816e-01,

